0.012377 -0.005785 0.013454 0.001225 -0.035908 0.025424 -0.008130 0.051358 0.029177 0.065579
-0.331000 0.903028 -0.372647 -0.552567 0.501991 -0.447156 -0.409920 0.145206 0.069453 -0.301475
-0.830580 -0.318270 0.650069 -0.121732 0.764543 0.260779 -0.281834 -0.614838 -0.024056 -0.091085
-0.982747 0.843226 0.148762 0.774292 -0.774390 -0.425294 -0.122228 -0.298347 -0.531292 0.516626
-0.110597 -0.447074 -0.767348 0.904795 0.502327 0.316921 -0.237877 0.076519 -0.400474 0.019280
-0.257689 -0.255375 -0.818054 0.909202 0.448703 0.161680 -0.177842 0.106124 -0.456195 -0.200215
0.496031 0.500821 -0.884362 0.612148 -0.551841 -0.001147 0.245092 0.375369 -0.520862 0.005292
0.818407 -0.702400 0.569778 0.433096 -0.955739 0.018567 0.769058 -0.126735 -0.182048 -0.032660
-0.745760 -0.816956 0.668736 0.702256 -0.001663 0.435266 0.030047 -0.483101 0.122082 0.475261
0.257183 -0.618097 -0.570482 0.532643 0.726421 0.646856 -0.143923 0.126947 -0.394994 -0.172666
