-0.440316 0.964664 -0.352928 -1.037850 1.022018 0.429537 -0.436425 0.147399 0.379142 -0.185748
0.693358 0.532027 0.288963 -0.589289 -0.961992 0.013630 0.162345 -0.015317 -0.307533 -0.956360
-0.975387 -0.041650 0.713196 0.686068 -0.362599 -0.345635 -0.309812 0.234473 0.166866 -0.651164
-0.405756 0.116810 1.070175 -0.347720 -0.358173 0.164068 -0.158920 -0.560034 -0.457068 0.351779
-0.315154 0.590418 -0.256790 0.814548 -0.322865 0.443891 0.754559 0.351263 -0.387397 0.155863
-0.925807 -0.222367 -0.142588 0.557799 0.229617 0.604225 -0.167501 -0.134309 0.122797 0.285617
0.299134 0.237663 -0.338137 -0.431610 -0.045889 -0.311036 0.287521 0.367746 0.148766 0.322181
-0.377235 0.243061 -0.719157 0.216233 0.708498 -0.223790 -0.288534 0.118320 -0.934961 -0.257425
-0.928870 1.446141 0.260541 -0.330393 -0.735137 -0.590206 -0.085272 0.038117 0.206120 0.565626
0.685165 0.553191 -1.192647 0.868286 -0.955552 0.096149 -0.567869 -0.222847 -0.052796 0.146891
