-0.120252 0.338790 -0.134711 -0.103764 -0.105783 1.402090 2.569933 -0.325070 -1.032443 1.744081
-0.080818 0.180095 0.334866 -0.239207 -0.382427 1.662289 -1.742256 -1.374185 -1.162360 0.022534
-0.206814 -0.116864 0.361237 0.419873 -0.193247 -0.088457 0.234741 1.588653 0.638372 -1.752097
0.218535 0.019487 0.222717 -0.492217 -0.190349 0.370331 -0.559154 1.366305 -1.794097 -1.942499
-0.466521 0.246400 -0.147281 -0.121499 -0.046721 0.642471 0.069157 -0.156185 1.869338 -1.191357
-0.235609 0.214581 -0.225015 -0.020090 -0.124694 -0.861443 1.311372 1.173382 1.259817 -0.947793
-0.253469 -0.265626 -0.380010 -0.349434 -0.014487 0.906879 -0.143356 -1.185800 -0.356283 1.066315
0.002430 -0.240823 0.297889 -0.262194 0.176666 0.032312 1.714380 -0.116360 1.555268 1.281610
0.038826 0.227299 0.015599 0.189107 0.222522 2.640845 1.339272 -0.373484 0.045401 -2.120863
0.245214 0.012284 -0.338034 0.064732 -0.438154 0.707525 -0.678046 -1.850478 2.288453 -0.428044
